1 1
2 2
1.250
1.000
1.500
1 2
2 3
3 1
4 4
5 5
2.300
2.600
2.000
1 6
2 2
3 3
4 4
5 7
6 9
7 10
8 1
9 5
10 8
2.750
2.600
2.900
1 40
2 57
3 18
4 1
5 54
6 36
7 78
8 24
9 20
10 25
11 69
12 80
13 29
14 99
15 22
16 4
17 86
18 5
19 65
20 63
21 12
22 88
23 74
24 3
25 45
26 56
27 61
28 71
29 95
30 68
31 91
32 16
33 46
34 37
35 90
36 81
37 70
38 51
39 15
40 33
41 82
42 59
43 83
44 13
45 49
46 75
47 30
48 73
49 21
50 9
51 35
52 27
53 28
54 41
55 89
56 23
57 55
58 2
59 64
60 77
61 79
62 26
63 94
64 85
65 11
66 42
67 96
68 8
69 47
70 14
71 43
72 6
73 19
74 50
75 72
76 17
77 97
78 62
79 7
80 48
81 60
82 76
83 92
84 52
85 93
86 39
87 10
88 100
89 67
90 58
91 98
92 84
93 66
94 38
95 53
96 34
97 44
98 87
99 31
100 32
11.150
5.770
16.530
1 283
2 33
3 431
4 823
5 570
6 44
7 519
8 789
9 733
10 213
11 732
12 473
13 220
14 615
15 340
16 192
17 955
18 496
19 376
20 250
21 729
22 774
23 370
24 448
25 74
26 899
27 212
28 723
29 855
30 393
31 857
32 973
33 930
34 95
35 34
36 593
37 698
38 702
39 51
40 526
41 701
42 262
43 56
44 367
45 712
46 200
47 232
48 609
49 222
50 818
51 947
52 442
53 785
54 269
55 966
56 423
57 144
58 129
59 920
60 884
61 689
62 555
63 351
64 161
65 627
66 120
67 62
68 542
69 372
70 842
71 568
72 484
73 533
74 143
75 438
76 965
77 706
78 190
79 225
80 437
81 411
82 343
83 214
84 237
85 564
86 979
87 159
88 590
89 596
90 787
91 903
92 725
93 716
94 325
95 834
96 19
97 760
98 704
99 111
100 353
101 136
102 194
103 524
104 838
105 773
106 563
107 625
108 443
109 717
110 922
111 739
112 923
113 866
114 441
115 88
116 623
117 22
118 133
119 82
120 286
121 686
122 868
123 494
124 574
125 669
126 822
127 637
128 342
129 863
130 84
131 497
132 650
133 897
134 72
135 58
136 937
137 306
138 389
139 740
140 978
141 628
142 209
143 15
144 640
145 967
146 509
147 743
148 924
149 757
150 229
151 199
152 78
153 477
154 681
155 586
156 942
157 921
158 654
159 508
160 986
161 334
162 173
163 635
164 970
165 505
166 664
167 270
168 907
169 226
170 750
171 720
172 171
173 511
174 861
175 870
176 912
177 457
178 946
179 10
180 655
181 99
182 132
183 996
184 8
185 277
186 507
187 546
188 644
189 817
190 87
191 873
192 997
193 166
194 388
195 156
196 303
197 633
198 60
199 148
200 420
201 553
202 395
203 293
204 14
205 983
206 91
207 419
208 308
209 860
210 821
211 630
212 885
213 405
214 667
215 255
216 240
217 809
218 280
219 313
220 335
221 93
222 79
223 919
224 697
225 531
226 749
227 867
228 913
229 904
230 840
231 814
232 444
233 881
234 90
235 748
236 756
237 560
238 722
239 98
240 651
241 807
242 331
243 671
244 412
245 302
246 752
247 880
248 944
249 468
250 616
251 514
252 182
253 168
254 46
255 231
256 426
257 869
258 582
259 691
260 981
261 100
262 219
263 89
264 141
265 287
266 385
267 329
268 39
269 92
270 380
271 915
272 537
273 366
274 202
275 879
276 465
277 474
278 715
279 489
280 242
281 700
282 67
283 122
284 786
285 279
286 131
287 281
288 956
289 491
290 429
291 788
292 896
293 543
294 875
295 55
296 862
297 73
298 796
299 275
300 102
301 705
302 795
303 347
304 889
305 951
306 354
307 699
308 108
309 245
310 597
311 895
312 50
313 898
314 177
315 816
316 957
317 940
318 487
319 794
320 843
321 254
322 368
323 338
324 428
325 41
326 594
327 154
328 575
329 244
330 403
331 958
332 349
333 985
334 547
335 556
336 119
337 741
338 974
339 608
340 565
341 639
342 38
343 598
344 510
345 971
346 541
347 888
348 976
349 85
350 401
351 943
352 961
353 274
354 634
355 151
356 68
357 735
358 352
359 273
360 939
361 65
362 604
363 573
364 780
365 762
366 241
367 585
368 676
369 695
370 659
371 591
372 871
373 611
374 858
375 265
376 170
377 578
378 319
379 96
380 892
381 719
382 66
383 216
384 493
385 784
386 682
387 550
388 224
389 595
390 846
391 402
392 481
393 530
394 612
395 290
396 850
397 24
398 631
399 263
400 909
401 256
402 146
403 577
404 933
405 207
406 755
407 421
408 588
409 54
410 901
411 562
412 70
413 778
414 552
415 13
416 76
417 815
418 607
419 103
420 422
421 718
422 479
423 754
424 500
425 326
426 260
427 469
428 205
429 28
430 125
431 12
432 648
433 929
434 877
435 230
436 960
437 472
438 110
439 404
440 164
441 714
442 48
443 905
444 802
445 721
446 559
447 601
448 397
449 123
450 742
451 561
452 805
453 9
454 811
455 31
456 833
457 396
458 872
459 267
460 954
461 878
462 580
463 316
464 830
465 470
466 736
467 504
468 1
469 636
470 835
471 432
472 236
473 198
474 569
475 406
476 549
477 211
478 105
479 847
480 684
481 949
482 304
483 153
484 797
485 790
486 357
487 674
488 348
489 20
490 112
491 673
492 114
493 529
494 696
495 346
496 521
497 647
498 621
499 471
500 398
501 666
502 445
503 128
504 759
505 646
506 332
507 804
508 434
509 859
510 145
511 26
512 620
513 925
514 227
515 734
516 379
517 614
518 606
519 356
520 323
521 142
522 121
523 167
524 407
525 463
526 499
527 839
528 769
529 449
530 430
531 139
532 703
533 223
534 587
535 155
536 296
537 360
538 883
539 503
540 999
541 488
542 59
543 515
544 972
545 941
546 772
547 394
548 221
549 297
550 365
551 831
552 969
553 982
554 81
555 572
556 783
557 355
558 808
559 258
560 369
561 307
562 324
563 539
564 292
565 841
566 310
567 178
568 516
569 791
570 42
571 495
572 829
573 551
574 259
575 180
576 848
577 677
578 657
579 57
580 271
581 390
582 107
583 18
584 864
585 163
586 832
587 693
588 513
589 320
590 605
591 23
592 724
593 113
594 490
595 731
596 447
597 557
598 776
599 991
600 948
601 767
602 460
603 600
604 527
605 525
606 115
607 992
608 622
609 172
610 902
611 629
612 567
613 391
614 988
615 566
616 300
617 251
618 824
619 558
620 106
621 234
622 751
623 528
624 687
625 800
626 427
627 710
628 536
629 117
630 894
631 415
632 984
633 753
634 945
635 252
636 75
637 589
638 459
639 679
640 160
641 849
642 327
643 284
644 730
645 285
646 400
647 638
648 935
649 793
650 425
651 837
652 810
653 467
654 520
655 828
656 535
657 157
658 485
659 382
660 322
661 350
662 576
663 4
664 709
665 35
666 619
667 926
668 235
669 738
670 387
671 165
672 378
673 233
674 777
675 452
676 288
677 844
678 900
679 80
680 708
681 827
682 746
683 43
684 215
685 887
686 179
687 476
688 5
689 766
690 298
691 83
692 643
693 462
694 952
695 278
696 886
697 890
698 660
699 931
700 670
701 363
702 116
703 261
704 30
705 747
706 301
707 825
708 668
709 312
710 959
711 853
712 953
713 663
714 27
715 584
716 386
717 373
718 109
719 315
720 188
721 792
722 675
723 483
724 392
725 140
726 268
727 345
728 124
729 977
730 980
731 851
732 745
733 305
734 417
735 175
736 688
737 962
738 344
739 656
740 446
741 1000
742 71
743 17
744 934
745 295
746 185
747 571
748 204
749 765
750 512
751 339
752 176
753 486
754 523
755 737
756 257
757 25
758 799
759 206
760 916
761 53
762 461
763 49
764 191
765 63
766 264
767 416
768 544
769 97
770 652
771 64
772 7
773 518
774 918
775 502
776 208
777 891
778 333
779 613
780 364
781 210
782 617
783 381
784 127
785 193
786 812
787 424
788 152
789 685
790 162
791 361
792 455
793 181
794 662
795 726
796 418
797 680
798 86
799 266
800 69
801 728
802 876
803 134
804 993
805 579
806 672
807 501
808 52
809 317
810 758
811 641
812 456
813 414
814 40
815 845
816 330
817 761
818 408
819 998
820 450
821 246
822 678
823 713
824 856
825 453
826 243
827 21
828 2
829 384
830 624
831 321
832 781
833 169
834 174
835 645
836 289
837 548
838 138
839 195
840 882
841 272
842 475
843 137
844 480
845 36
846 47
847 239
848 806
849 458
850 149
851 130
852 482
853 358
854 238
855 836
856 820
857 410
858 336
859 282
860 554
861 865
862 184
863 975
864 249
865 183
866 253
867 661
868 994
869 506
870 118
871 158
872 399
873 852
874 451
875 683
876 908
877 690
878 217
879 383
880 990
881 995
882 665
883 770
884 228
885 874
886 311
887 6
888 771
889 377
890 906
891 337
892 914
893 775
894 540
895 218
896 936
897 45
898 642
899 247
900 819
901 16
902 545
903 798
904 950
905 318
906 374
907 147
908 186
909 150
910 963
911 478
912 692
913 592
914 603
915 649
916 538
917 763
918 248
919 314
920 433
921 341
922 989
923 602
924 893
925 632
926 435
927 413
928 522
929 294
930 101
931 768
932 464
933 135
934 77
935 291
936 932
937 276
938 727
939 196
940 439
941 299
942 29
943 201
944 938
945 658
946 711
947 409
948 189
949 436
950 532
951 61
952 964
953 375
954 371
955 987
956 197
957 492
958 854
959 581
960 11
961 599
962 94
963 362
964 813
965 910
966 583
967 104
968 779
969 440
970 626
971 187
972 694
973 928
974 32
975 454
976 534
977 466
978 801
979 744
980 37
981 309
982 359
983 653
984 826
985 203
986 498
987 610
988 782
989 911
990 917
991 803
992 968
993 3
994 618
995 517
996 764
997 328
998 707
999 927
1000 126
77.071
6.442
147.699
1 457
2 1459
3 1306
4 674
5 179
6 230
7 1204
8 98
9 1016
10 1162
11 434
12 802
13 375
14 818
15 1081
16 1309
17 429
18 1067
19 1136
20 1038
21 1454
22 360
23 967
24 477
25 112
26 278
27 121
28 67
29 1064
30 1339
31 395
32 6
33 976
34 683
35 1351
36 473
37 398
38 938
39 742
40 1130
41 1103
42 723
43 664
44 1315
45 748
46 195
47 364
48 648
49 401
50 1144
51 471
52 1030
53 193
54 14
55 1424
56 402
57 640
58 1440
59 865
60 765
61 1302
62 523
63 220
64 784
65 1033
66 1107
67 843
68 1010
69 522
70 1266
71 311
72 1159
73 108
74 391
75 1348
76 1243
77 774
78 1248
79 530
80 412
81 1051
82 1465
83 979
84 1495
85 285
86 1500
87 511
88 1282
89 126
90 83
91 1155
92 336
93 1372
94 745
95 312
96 960
97 531
98 449
99 282
100 590
101 1357
102 413
103 1163
104 636
105 806
106 198
107 836
108 194
109 550
110 1108
111 822
112 1371
113 1365
114 999
115 301
116 1052
117 405
118 1077
119 1329
120 165
121 1492
122 995
123 1395
124 528
125 702
126 930
127 485
128 650
129 1381
130 1322
131 1499
132 621
133 1025
134 261
135 940
136 1332
137 64
138 1229
139 1211
140 492
141 440
142 1289
143 679
144 1409
145 407
146 270
147 1398
148 128
149 369
150 537
151 12
152 484
153 275
154 1497
155 366
156 1185
157 1003
158 146
159 1086
160 385
161 1095
162 1276
163 32
164 912
165 166
166 711
167 115
168 1342
169 767
170 572
171 207
172 1246
173 227
174 1228
175 851
176 1249
177 172
178 1125
179 1073
180 123
181 1096
182 324
183 479
184 575
185 1479
186 49
187 169
188 345
189 380
190 160
191 462
192 1226
193 1432
194 911
195 984
196 409
197 1254
198 129
199 866
200 1078
201 798
202 1449
203 970
204 445
205 421
206 242
207 1241
208 30
209 367
210 1109
211 817
212 216
213 594
214 317
215 1165
216 1392
217 1113
218 880
219 1112
220 715
221 527
222 645
223 922
224 1298
225 876
226 40
227 300
228 78
229 1183
230 978
231 235
232 1413
233 692
234 335
235 1069
236 838
237 94
238 532
239 647
240 249
241 1321
242 1154
243 668
244 456
245 653
246 570
247 1006
248 427
249 276
250 654
251 557
252 244
253 641
254 610
255 331
256 2
257 1297
258 805
259 25
260 1472
261 606
262 1193
263 840
264 1072
265 971
266 934
267 206
268 465
269 1496
270 797
271 1331
272 583
273 855
274 1296
275 422
276 460
277 949
278 1402
279 778
280 291
281 966
282 694
283 1148
284 1097
285 1216
286 27
287 762
288 122
289 850
290 566
291 512
292 739
293 585
294 1175
295 878
296 483
297 1268
298 286
299 783
300 164
301 1182
302 787
303 906
304 521
305 1245
306 189
307 51
308 1338
309 819
310 520
311 576
312 104
313 359
314 1233
315 486
316 773
317 1466
318 153
319 1063
320 234
321 1258
322 717
323 1318
324 600
325 296
326 553
327 21
328 974
329 1303
330 708
331 973
332 952
333 983
334 596
335 1363
336 1140
337 382
338 987
339 1201
340 1361
341 246
342 1498
343 1205
344 1117
345 417
346 828
347 844
348 1345
349 746
350 1349
351 509
352 538
353 392
354 599
355 1221
356 608
357 770
358 1217
359 500
360 573
361 900
362 513
363 1236
364 1190
365 547
366 628
367 1210
368 389
369 36
370 1405
371 539
372 957
373 1087
374 420
375 1011
376 167
377 1421
378 631
379 88
380 871
381 1004
382 1257
383 231
384 526
385 1316
386 689
387 1187
388 210
389 1285
390 735
391 1489
392 908
393 1431
394 136
395 1313
396 1178
397 857
398 52
399 839
400 1070
401 320
402 279
403 795
404 1291
405 1319
406 1429
407 985
408 864
409 371
410 1438
411 1189
412 1215
413 884
414 326
415 45
416 1434
417 459
418 672
419 19
420 1277
421 1415
422 273
423 374
424 872
425 1311
426 430
427 1230
428 157
429 307
430 1474
431 990
432 780
433 1261
434 91
435 1368
436 81
437 60
438 1079
439 1391
440 318
441 455
442 217
443 280
444 1251
445 561
446 1467
447 503
448 998
449 536
450 885
451 896
452 785
453 994
454 127
455 247
456 1152
457 182
458 1420
459 1416
460 1328
461 720
462 816
463 848
464 514
465 493
466 361
467 352
468 305
469 1123
470 1169
471 821
472 1000
473 1281
474 1317
475 565
476 1394
477 675
478 92
479 1362
480 1197
481 1090
482 1304
483 541
484 1436
485 881
486 709
487 789
488 149
489 1074
490 800
491 63
492 944
493 239
494 1340
495 258
496 1384
497 1305
498 754
499 1114
500 1164
501 439
502 1002
503 893
504 1373
505 965
506 48
507 1379
508 941
509 882
510 1461
511 1447
512 719
513 923
514 1053
515 1022
516 862
517 704
518 79
519 204
520 425
521 1082
522 1259
523 517
524 760
525 993
526 1031
527 713
528 299
529 1170
530 1198
531 665
532 1200
533 551
534 1075
535 438
536 1456
537 178
538 377
539 812
540 811
541 74
542 1160
543 1172
544 1386
545 749
546 1115
547 656
548 1260
549 1147
550 1134
551 691
552 295
553 15
554 102
555 495
556 598
557 134
558 162
559 1208
560 710
561 196
562 138
563 519
564 1207
565 756
566 446
567 904
568 13
569 1145
570 1400
571 658
572 724
573 215
574 907
575 225
576 1100
577 1084
578 1324
579 705
580 139
581 560
582 1021
583 1407
584 1234
585 977
586 1475
587 991
588 319
589 1043
590 950
591 1179
592 584
593 895
594 309
595 287
596 877
597 619
598 945
599 775
600 188
601 39
602 624
603 351
604 150
605 397
606 453
607 372
608 376
609 419
610 981
611 1106
612 9
613 476
614 660
615 1422
616 482
617 303
618 1132
619 697
620 544
621 1065
622 1320
623 410
624 796
625 776
626 716
627 436
628 1099
629 1388
630 228
631 347
632 23
633 741
634 1252
635 498
636 306
637 752
638 18
639 1382
640 1126
641 563
642 629
643 214
644 203
645 1026
646 734
647 861
648 119
649 889
650 1478
651 1374
652 1195
653 491
654 1180
655 593
656 424
657 569
658 903
659 869
660 192
661 820
662 70
663 1264
664 177
665 730
666 1477
667 860
668 623
669 1484
670 1462
671 1091
672 1088
673 252
674 1244
675 1458
676 1059
677 772
678 510
679 1286
680 84
681 980
682 589
683 852
684 743
685 813
686 274
687 293
688 1279
689 186
690 1224
691 117
692 472
693 265
694 277
695 329
696 1214
697 190
698 1232
699 501
700 753
701 1206
702 481
703 50
704 22
705 236
706 202
707 516
708 587
709 1437
710 1173
711 426
712 853
713 1024
714 555
715 559
716 972
717 132
718 919
719 474
720 1483
721 46
722 1092
723 141
724 133
725 1058
726 1327
727 435
728 1177
729 1005
730 996
731 315
732 1168
733 31
734 209
735 1161
736 441
737 184
738 151
739 542
740 69
741 1203
742 607
743 928
744 97
745 1414
746 1476
747 515
748 651
749 1060
750 1443
751 863
752 35
753 1270
754 1222
755 17
756 87
757 804
758 1039
759 1174
760 1452
761 451
762 1194
763 937
764 1253
765 109
766 1044
767 100
768 1448
769 1385
770 173
771 554
772 1085
773 586
774 1048
775 792
776 323
777 1314
778 229
779 403
780 771
781 1455
782 603
783 558
784 226
785 1137
786 1433
787 1256
788 1015
789 1040
790 191
791 137
792 533
793 854
794 769
795 909
796 354
797 131
798 1301
799 1399
800 508
801 744
802 700
803 47
804 1083
805 793
806 1412
807 415
808 1166
809 601
810 875
811 467
812 490
813 920
814 1068
815 3
816 168
817 1050
818 1250
819 416
820 338
821 390
822 592
823 969
824 625
825 1028
826 452
827 579
828 71
829 1347
830 1487
831 1225
832 609
833 1066
834 1151
835 1141
836 37
837 926
838 16
839 1104
840 835
841 669
842 643
843 488
844 1450
845 703
846 475
847 989
848 1008
849 1312
850 1439
851 10
852 20
853 185
854 916
855 264
856 1062
857 688
858 29
859 564
860 328
861 699
862 1481
863 791
864 634
865 223
866 962
867 706
868 1142
869 1119
870 384
871 1367
872 110
873 1116
874 837
875 637
876 174
877 1045
878 1227
879 308
880 82
881 363
882 627
883 933
884 85
885 330
886 1133
887 1292
888 695
889 935
890 1393
891 832
892 612
893 266
894 543
895 670
896 41
897 1242
898 1337
899 504
900 1396
901 751
902 406
903 786
904 955
905 1196
906 77
907 1135
908 807
909 310
910 373
911 1143
912 222
913 958
914 1444
915 1418
916 343
917 525
918 120
919 567
920 304
921 1238
922 1101
923 671
924 144
925 241
926 1188
927 333
928 1110
929 680
930 1377
931 34
932 386
933 1128
934 219
935 262
936 810
937 1
938 617
939 1325
940 370
941 142
942 1139
943 263
944 1009
945 927
946 953
947 755
948 929
949 667
950 1275
951 729
952 181
953 577
954 595
955 199
956 781
957 1404
958 487
959 72
960 499
961 1406
962 808
963 1307
964 666
965 1171
966 1157
967 443
968 529
969 423
970 396
971 568
972 815
973 652
974 615
975 1491
976 1299
977 1098
978 1111
979 175
980 728
981 750
982 961
983 358
984 1295
985 891
986 1425
987 271
988 1445
989 176
990 143
991 548
992 747
993 1007
994 1223
995 1129
996 1076
997 292
998 140
999 494
1000 58
1001 76
1002 1219
1003 831
1004 846
1005 718
1006 154
1007 251
1008 948
1009 1273
1010 758
1011 506
1012 1293
1013 1181
1014 1360
1015 205
1016 868
1017 614
1018 578
1019 99
1020 1023
1021 454
1022 57
1023 1120
1024 888
1025 1267
1026 65
1027 701
1028 507
1029 468
1030 1209
1031 663
1032 968
1033 768
1034 829
1035 1247
1036 56
1037 1014
1038 1451
1039 1428
1040 879
1041 736
1042 1263
1043 1403
1044 8
1045 105
1046 288
1047 444
1048 147
1049 1482
1050 910
1051 823
1052 1046
1053 1199
1054 682
1055 696
1056 113
1057 914
1058 779
1059 339
1060 845
1061 556
1062 1013
1063 763
1064 737
1065 1158
1066 546
1067 932
1068 1300
1069 208
1070 1269
1071 707
1072 1493
1073 902
1074 1124
1075 841
1076 646
1077 463
1078 255
1079 947
1080 633
1081 399
1082 11
1083 524
1084 470
1085 887
1086 365
1087 1283
1088 497
1089 233
1090 90
1091 921
1092 659
1093 722
1094 917
1095 856
1096 379
1097 1323
1098 1280
1099 1089
1100 1055
1101 337
1102 959
1103 107
1104 464
1105 114
1106 1240
1107 946
1108 827
1109 284
1110 1231
1111 1012
1112 1146
1113 4
1114 297
1115 943
1116 986
1117 489
1118 1350
1119 1176
1120 1202
1121 975
1122 155
1123 89
1124 676
1125 721
1126 1419
1127 388
1128 348
1129 95
1130 450
1131 448
1132 1375
1133 918
1134 253
1135 344
1136 442
1137 1278
1138 350
1139 469
1140 894
1141 834
1142 540
1143 1355
1144 135
1145 496
1146 1027
1147 5
1148 915
1149 44
1150 61
1151 788
1152 1056
1153 1093
1154 1473
1155 1019
1156 272
1157 254
1158 925
1159 502
1160 24
1161 1017
1162 764
1163 1464
1164 605
1165 237
1166 1486
1167 221
1168 1380
1169 1035
1170 825
1171 66
1172 790
1173 256
1174 580
1175 378
1176 75
1177 552
1178 535
1179 1001
1180 757
1181 290
1182 913
1183 777
1184 431
1185 1341
1186 1369
1187 992
1188 437
1189 1401
1190 954
1191 1138
1192 73
1193 232
1194 1336
1195 622
1196 588
1197 1333
1198 1383
1199 103
1200 1041
1201 1457
1202 905
1203 1480
1204 161
1205 874
1206 62
1207 1423
1208 33
1209 673
1210 963
1211 1212
1212 38
1213 289
1214 414
1215 1102
1216 712
1217 187
1218 602
1219 1239
1220 630
1221 260
1222 1032
1223 1441
1224 1080
1225 1335
1226 892
1227 7
1228 518
1229 1408
1230 268
1231 924
1232 649
1233 632
1234 96
1235 1453
1236 727
1237 86
1238 814
1239 240
1240 890
1241 1192
1242 159
1243 1218
1244 314
1245 362
1246 212
1247 257
1248 873
1249 870
1250 1426
1251 346
1252 1037
1253 562
1254 1310
1255 156
1256 824
1257 1410
1258 349
1259 956
1260 1470
1261 243
1262 951
1263 68
1264 1054
1265 355
1266 534
1267 466
1268 1265
1269 883
1270 408
1271 639
1272 1186
1273 1326
1274 1353
1275 803
1276 591
1277 353
1278 381
1279 732
1280 28
1281 505
1282 571
1283 574
1284 597
1285 302
1286 1343
1287 1494
1288 638
1289 684
1290 341
1291 1047
1292 211
1293 545
1294 1308
1295 316
1296 1150
1297 281
1298 794
1299 685
1300 458
1301 480
1302 170
1303 761
1304 327
1305 325
1306 1121
1307 387
1308 218
1309 859
1310 693
1311 478
1312 849
1313 433
1314 1167
1315 687
1316 1488
1317 447
1318 1366
1319 1105
1320 1446
1321 101
1322 1071
1323 269
1324 1471
1325 461
1326 1411
1327 738
1328 766
1329 383
1330 1442
1331 809
1332 939
1333 1153
1334 1262
1335 1430
1336 847
1337 1156
1338 1272
1339 1364
1340 394
1341 1397
1342 1274
1343 313
1344 393
1345 725
1346 283
1347 644
1348 1417
1349 224
1350 1389
1351 53
1352 1036
1353 1290
1354 899
1355 833
1356 106
1357 964
1358 93
1359 418
1360 342
1361 1049
1362 618
1363 982
1364 1344
1365 782
1366 125
1367 1127
1368 130
1369 1255
1370 616
1371 321
1372 145
1373 1287
1374 163
1375 259
1376 1061
1377 897
1378 1184
1379 611
1380 43
1381 1387
1382 657
1383 604
1384 213
1385 620
1386 759
1387 1359
1388 152
1389 80
1390 201
1391 1485
1392 690
1393 111
1394 1235
1395 613
1396 1034
1397 997
1398 267
1399 655
1400 1330
1401 1018
1402 1435
1403 400
1404 197
1405 826
1406 898
1407 245
1408 1354
1409 886
1410 322
1411 148
1412 740
1413 250
1414 180
1415 1057
1416 830
1417 801
1418 1020
1419 332
1420 681
1421 1390
1422 1118
1423 733
1424 26
1425 1288
1426 432
1427 936
1428 118
1429 582
1430 714
1431 200
1432 298
1433 340
1434 1191
1435 54
1436 124
1437 1378
1438 842
1439 1029
1440 1284
1441 581
1442 1370
1443 59
1444 1468
1445 1094
1446 42
1447 1358
1448 1149
1449 931
1450 411
1451 368
1452 1213
1453 1271
1454 677
1455 1131
1456 686
1457 116
1458 942
1459 1356
1460 661
1461 799
1462 294
1463 238
1464 1463
1465 171
1466 1460
1467 635
1468 1469
1469 867
1470 549
1471 678
1472 626
1473 1294
1474 642
1475 698
1476 158
1477 901
1478 55
1479 1346
1480 356
1481 1427
1482 662
1483 1334
1484 1042
1485 726
1486 1352
1487 731
1488 1376
1489 428
1490 858
1491 248
1492 334
1493 1122
1494 1237
1495 1220
1496 357
1497 1490
1498 183
1499 404
1500 988
88.897
8.558
169.236
